164.178607 572.203269 24.096484 24.096484 -0.000000 1.340208 1.953566
215.250685 -81.126207 590.856159 590.856159 0.000000 1.322994 1.429592
469.172459 456.241732 22.651223 22.651223 -0.000000 3.897372 4.798213
426.519107 1224.208620 649.515063 649.515063 0.000000 4.456255 4.513368
308.231899 269.728997 299.100217 299.100217 -0.000000 5.154768 5.464677
188.608643 672.370491 78.843820 78.843820 -0.000000 4.542583 4.767660
160.798864 407.395145 186.046764 186.046764 -0.000000 2.311404 2.596042
238.146885 212.933720 293.013340 293.013340 -0.000000 3.752969 3.965469
389.902710 439.181460 19.169362 19.169362 0.000000 0.591736 1.825657
-1313.468907 587.023304 1612.735183 1612.735183 -0.000000 6.217406 6.280692
295.833383 282.377568 236.058685 236.058685 -0.000000 2.661964 5.887180
299.685667 280.828461 269.394850 269.394850 0.000000 2.928863 5.625983
420.064268 383.958336 45.740256 45.740256 0.000000 0.128018 1.216206
299.859967 275.895734 266.465849 261.352400 0.014259 2.926882 5.652505
314.979462 398.902158 84.471290 84.471290 0.000000 0.828723 1.770019
300.030376 276.155915 226.330586 226.330586 0.000000 4.354254 5.929938
362.002583 334.431689 106.266961 106.266961 -0.000000 0.338607 1.026759
317.650771 666.623570 80.246599 80.246599 -0.000000 4.503694 4.783949
408.894724 362.930425 522.601638 522.601638 -0.000000 3.813066 3.909445
299.745321 284.307360 318.601669 318.601669 0.000000 5.176321 5.444217
289.662570 284.335630 24.624032 24.624032 -0.000000 2.327019 7.107589
273.154687 246.309400 190.264617 190.264617 -0.000000 3.536758 4.431609
510.321479 3.933478 17.152141 1.837752 0.624092 1.069975 6.849224
291.814699 280.250320 114.798618 114.798618 -0.000000 2.971246 8.031023
113.651467 -219.295080 759.726254 759.726254 -0.000000 1.215289 1.270421
302.275072 266.348662 382.506123 382.506123 0.000000 2.338830 2.491885
290.142090 284.359480 27.867129 27.867129 -0.000000 2.109902 6.570491
293.304660 282.530631 135.276738 135.276738 -0.000000 4.688011 7.893410
297.969854 282.519093 237.989796 237.989796 0.000000 4.326593 5.847947
294.260813 281.250135 206.055528 203.814342 -0.549030 3.457968 6.715700
299.838292 277.970554 273.004987 273.004987 -0.000000 2.332318 4.550232
292.108009 282.260147 133.690155 132.819385 -0.182304 2.486570 7.885393
887.750162 790.274729 1171.909897 1171.909897 -0.000000 3.852388 3.881446
319.479730 773.519676 194.684738 194.684738 0.000000 4.617185 4.720164
417.191654 766.537139 185.819547 185.819547 0.000000 4.549350 4.754224
322.293628 283.194677 197.802845 197.802845 -0.000000 0.251807 0.544661
517.031920 392.956767 23.550814 23.550814 -0.000000 3.384565 4.169840
130.819082 478.938968 21.590669 21.590669 0.000000 3.505902 4.944292
294.634860 280.583595 202.717326 200.997936 -0.459932 3.441567 6.716713
268.930596 246.723477 297.299820 297.299820 0.000000 3.588014 4.114773
286.299454 261.031042 276.555233 276.555233 -0.000000 3.566395 4.365721
289.350237 284.205878 9.417850 9.417850 -0.000000 3.046776 5.532302
280.141634 327.145925 58.919639 58.919639 0.000000 1.291823 2.176509
329.524606 230.653694 249.748863 249.748863 -0.000000 5.104849 5.525437
203.312005 483.268015 92.339406 20.170361 0.017477 3.112006 6.269357
293.291465 283.020864 139.913510 139.913510 -0.000000 2.500912 6.124619
292.548501 283.851598 123.509463 123.509463 -0.000000 4.080552 7.931363
291.647871 278.441365 192.282634 192.282634 0.000000 6.011068 7.132246
295.486889 280.888140 240.516436 240.516436 -0.000000 2.416297 5.839570
201.270776 453.963578 92.931727 92.931727 0.000000 5.441632 6.413657
272.181492 294.110596 316.042621 316.042621 -0.000000 2.233342 2.607735
272.207850 290.348450 280.884742 280.884742 0.000000 2.198566 2.901462
289.674518 272.651877 179.903457 179.903457 0.000000 1.126293 1.529974
294.092192 284.468491 116.946158 116.946158 -0.000000 6.100040 7.975359
286.798352 473.571307 12.894732 12.894732 -0.000000 4.851675 6.912578
306.727280 272.458174 274.779007 274.779007 0.000000 4.819418 5.559289
204.853903 453.370279 87.713899 87.713899 0.000000 3.088943 4.343387
279.545712 258.213736 295.832015 295.832015 -0.000000 3.485809 4.196182
263.257951 274.511278 222.695027 222.695027 0.000000 6.058605 6.704822
268.819646 296.855489 277.496154 277.496154 0.000000 2.190637 2.886349
302.656477 282.578975 178.211457 178.211457 -0.000000 2.558372 3.774178
288.929706 281.846765 97.743938 97.743938 -0.000000 0.001562 -0.008634
285.120810 266.051867 236.358435 236.358435 -0.000000 0.245926 0.526015
322.293861 269.494256 194.420110 194.420110 0.000000 5.658226 6.093134
288.908555 289.829850 334.419119 334.419119 0.000000 2.294679 2.614448
276.798291 250.334721 265.101388 265.101388 0.000000 3.538116 4.364439
291.015163 282.635957 90.114099 88.881881 -0.261632 0.572841 5.127563
271.767603 219.408257 233.744773 233.744773 -0.000000 1.221956 1.419178
305.930319 282.000384 183.856246 183.856246 0.000000 2.570051 3.989214
308.733718 264.382115 284.954676 284.954676 0.000000 5.088039 5.507433
278.872465 285.368945 282.454037 282.454037 -0.000000 2.221770 2.993404
292.691959 274.624757 277.856422 272.777800 -0.990616 2.477525 4.622718
307.059476 280.762713 204.977209 204.977209 0.000000 6.191443 6.726037
290.457677 282.668722 92.524128 91.801306 -0.296901 -0.862422 -0.877555
296.517040 290.862884 178.552204 178.552204 0.000000 0.895297 1.228881
289.367168 283.912744 12.018617 12.018617 -0.000000 2.584084 5.958719
289.902419 282.871613 104.665775 104.665775 0.000000 5.553322 7.776372
289.884650 284.154999 45.346372 45.346372 -0.000000 4.822768 8.277916
289.953446 284.070856 48.170533 48.170533 -0.000000 5.203709 8.241958
290.074315 283.434543 69.559211 69.559211 0.000000 4.598251 7.323666
475.377143 385.143195 8.152705 8.152705 0.000000 4.067121 5.970215
311.945786 258.080900 280.063232 280.063232 -0.000000 5.102286 5.507817
293.514677 268.167101 325.376357 325.376357 -0.000000 3.589888 4.107196
325.384502 239.979320 261.704072 261.704072 -0.000000 5.116461 5.504900
257.438106 232.019260 276.787376 276.787376 -0.000000 3.705884 4.131104
288.991211 284.098046 55.198509 55.198509 -0.000000 5.027956 10.685874
290.323203 283.378134 66.874923 66.874923 -0.000000 4.587649 7.351341
251.392944 187.225179 346.744918 346.744918 -0.000000 0.974658 1.057664
278.211472 282.163180 134.185997 134.185997 -0.000000 5.668045 6.783416
410.599324 510.587031 3.812702 3.812702 -0.000000 3.916629 8.926869
297.785154 278.970404 192.211222 192.211222 -0.000000 5.058265 6.737134
299.192004 276.714562 284.576213 284.576213 0.000000 2.301083 4.477594
296.443650 269.816672 335.379104 335.379104 0.000000 3.622879 4.078248
292.365895 270.376378 181.120528 172.337678 -0.195354 3.005911 5.925637
269.905634 269.635432 134.389992 134.389992 -0.000000 3.262510 4.310956
293.499834 281.036600 173.285581 173.285581 -0.000000 5.635455 7.833864
275.017434 270.485028 285.718588 285.718588 -0.000000 3.406085 3.724189
293.015160 280.910693 176.288719 176.288719 -0.000000 5.646835 7.836936
316.725472 256.695328 214.583996 214.583996 -0.000000 4.952203 5.865360
329.328684 299.118294 348.958884 348.958884 -0.000000 3.469730 3.671540
304.909174 281.237825 210.107636 210.107636 -0.000000 0.104701 0.423822
266.915942 275.039356 242.360649 242.360649 0.000000 6.108413 6.632038
492.338135 602.574645 194.087331 194.087331 -0.000000 3.995606 4.328429
296.506793 274.776920 300.245813 300.245813 -0.000000 3.304638 4.286944
293.808404 283.940106 165.105807 165.105807 0.000000 2.545877 4.933586
427.384258 424.718388 8.229858 8.229858 -0.000000 0.291082 2.364298
371.683114 220.631542 427.968767 427.968767 0.000000 2.524562 2.626557
302.061571 273.382870 241.091592 241.091592 0.000000 4.862021 5.773360
279.837206 193.466477 302.096525 302.096525 0.000000 1.342626 1.510634
290.329991 269.137728 303.257807 303.257807 -0.000000 3.439479 4.225939
291.610841 284.591252 79.508645 79.508645 -0.000000 2.716606 8.327733
295.024537 288.038629 116.465060 116.465060 -0.000000 0.532855 1.681697
263.753002 293.330383 182.874215 182.874215 0.000000 2.429906 2.957429
302.360344 281.314837 220.237173 220.237173 0.000000 2.600905 3.666806
264.115607 89.364396 410.717012 410.717012 -0.000000 1.359622 1.488065
290.283917 283.486186 60.350147 60.350147 -0.000000 3.588376 7.739704
278.763202 200.602554 292.982341 292.982341 -0.000000 1.322057 1.504876
295.722959 271.546627 319.390637 319.390637 0.000000 3.517009 4.159087
309.530196 267.553431 247.565956 247.565956 -0.000000 5.256046 5.676366
297.459713 280.569757 165.498463 165.498463 0.000000 2.536255 3.297703
-1.302690 18.853777 59.216407 1.401815 -0.870798 4.931359 7.004778
217.504904 324.106514 244.892544 244.892544 0.000000 2.502106 2.666459
275.466755 287.641601 281.368816 281.368816 -0.000000 2.212728 2.950260
294.404664 282.925660 188.139824 188.139824 0.000000 3.141198 5.861749
326.601308 303.791498 162.271473 162.271473 0.000000 0.566969 0.832856
296.949404 282.070132 219.030683 219.030683 -0.000000 3.795467 6.148822
279.929350 292.737892 72.245134 61.208276 -0.771610 4.210660 6.787088
299.420437 278.742687 292.514609 292.514609 -0.000000 5.010274 5.526418
264.470791 295.971596 284.516178 284.516178 -0.000000 2.163027 2.773402
288.996371 282.744656 74.833823 74.833823 -0.000000 3.422129 5.339306
289.260716 282.815038 105.371515 105.371515 0.000000 2.228545 4.624265
294.639343 282.117562 164.741775 164.741775 0.000000 4.933023 7.839665
296.443451 266.653116 355.288565 355.288565 0.000000 3.724967 3.989070
293.919827 292.540503 273.951354 273.951354 0.000000 5.013004 5.285323
298.705824 275.429759 305.849091 305.849091 -0.000000 3.341204 4.269306
358.870048 338.243604 112.091799 112.091799 0.000000 0.457231 0.886597
293.674004 283.173660 138.039078 138.039078 -0.000000 4.585168 7.873241
84.735482 558.206656 12.582546 12.582546 -0.000000 4.390644 5.813756
290.083436 283.985074 84.586353 84.586353 0.000000 1.441584 4.827211
296.531066 283.551229 222.988533 222.988533 0.000000 4.037335 5.664240
310.157747 557.421168 4.448570 4.448570 -0.000000 3.668916 5.997709
296.036032 279.999374 197.268928 197.268928 -0.000000 4.732406 6.721748
299.935656 279.008707 249.221954 245.172076 0.106819 2.413455 4.985327
305.202814 281.471625 186.113241 186.113241 -0.000000 0.548996 0.841072
296.943208 282.129206 294.334237 294.334237 0.000000 4.992158 5.531239
297.788024 273.556394 314.628899 314.628899 -0.000000 3.467248 4.203024
291.024567 282.070227 127.393142 127.393142 -0.000000 5.238888 7.101668
291.329904 275.257591 200.461657 200.461657 -0.000000 1.001337 1.517693
305.638354 268.861616 71.223550 71.223550 0.000000 5.030702 6.243660
23.167299 535.610287 4.729413 4.729413 -0.000000 1.640690 3.331944
300.247654 265.564113 274.585527 274.585527 -0.000000 4.945277 5.200173
292.023245 281.356369 128.676992 128.676992 0.000000 5.237770 6.531170
289.398405 283.919166 17.300441 17.300441 -0.000000 5.207777 8.285183
299.659192 277.488710 276.806327 276.806327 0.000000 2.328388 5.400488
293.724099 279.474365 246.480244 246.480244 0.000000 2.385555 4.317190
289.710852 298.038164 160.508772 160.508772 -0.000000 4.493502 5.202726
292.794856 282.367860 147.463274 147.463274 0.000000 2.520987 5.182190
335.675516 232.760928 228.979568 228.979568 0.000000 5.345487 5.592397
290.920904 283.617548 20.056801 20.056801 -0.000000 4.370109 10.550773
289.451006 284.757699 42.969962 42.969962 0.000000 0.730151 1.652311
289.789585 282.729291 148.115562 148.115562 0.000000 5.803546 7.832186
289.835803 284.866450 51.764320 51.764320 -0.000000 1.701174 7.731640
289.677997 283.611816 69.010259 69.010259 0.000000 2.817655 4.572259
221.433762 340.732365 181.222372 181.222372 0.000000 2.225147 2.518311
298.213114 280.880628 225.388269 225.388269 -0.000000 2.476041 3.632206
343.063411 249.865002 319.775910 319.775910 -0.000000 2.480338 2.610556
317.912812 254.127392 267.354856 267.354856 -0.000000 5.077004 5.526834
288.976359 285.004171 43.795331 43.795331 -0.000000 2.515872 6.935619
317.919450 280.112886 103.648196 103.648196 0.000000 2.774464 3.288803
231.175065 338.455506 227.365813 227.365813 0.000000 2.147249 2.625107
288.604385 309.431730 127.437960 127.437960 -0.000000 4.469345 5.148974
288.655490 284.801595 39.514121 39.514121 -0.000000 2.530028 6.107630
286.576952 279.339577 46.263456 46.263456 -0.000000 1.431043 2.338788
293.930644 281.015877 141.333464 141.333464 -0.000000 4.420083 6.191180
282.465459 271.916258 238.067083 238.067083 0.000000 3.377644 4.127204
291.192043 283.836742 125.981213 125.981213 -0.000000 2.469281 4.014643
290.898828 281.547293 148.415748 148.415748 0.000000 2.501986 4.827007
290.786627 282.861190 106.159678 106.159678 0.000000 5.266426 7.351245
380.198355 133.467323 121.185079 121.185079 -0.000000 5.102254 5.436661
272.418666 266.990887 79.364172 79.364172 -0.000000 3.277422 4.509944
288.299955 277.678941 84.559106 84.559106 -0.000000 0.832590 1.766273
288.635174 273.627305 227.398239 227.398239 -0.000000 1.296852 1.453828
298.674222 281.688744 229.042066 226.706141 0.283809 2.475885 5.205558
297.749174 280.351528 253.074059 253.074059 -0.000000 3.381470 4.839501
296.388452 280.656749 223.254722 223.254722 0.000000 3.687492 4.898780
297.388782 281.220914 239.977687 239.977687 -0.000000 2.672049 4.152461
291.866137 282.716168 107.561256 107.561256 -0.000000 4.566145 7.357039
295.476931 283.064857 97.761739 94.322143 1.466113 4.526157 7.838588
291.624950 284.749732 143.646253 143.646253 0.000000 0.888565 1.209356
287.181105 271.233150 157.180606 157.180606 0.000000 1.219325 1.533457
293.708564 289.660313 167.777578 167.777578 -0.000000 4.066673 5.157196
268.744118 290.367531 107.765110 107.765110 -0.000000 5.809288 6.261115
285.314800 261.469533 179.608186 179.608186 0.000000 1.283484 1.511349
301.956984 282.781837 225.932657 225.932657 -0.000000 2.838521 3.788847
260.181343 299.265844 86.177027 86.177027 0.000000 2.335085 2.958938
290.413379 283.845689 111.101288 111.101288 0.000000 2.364288 2.995007
321.166591 245.170150 260.539350 260.539350 0.000000 5.109882 5.532091
293.648425 282.084554 180.165804 180.165804 0.000000 6.148958 7.549741
288.159888 282.648176 43.290450 43.290450 -0.000000 6.129228 7.077085
240.024563 318.240935 199.172814 199.172814 0.000000 2.293341 2.629770
274.448970 163.062216 319.921156 319.921156 0.000000 1.314947 1.496857
284.077202 276.899699 64.638538 64.638538 -0.000000 2.931355 4.465904
290.280013 284.007404 8.430566 8.430566 0.000000 5.745461 8.736075
269.253023 241.886973 235.685397 235.685397 -0.000000 3.767206 4.232450
295.849379 280.072059 232.712541 232.712541 0.000000 2.443935 3.933687
291.926350 285.701425 113.107877 113.107877 0.000000 3.838112 5.074768
288.929020 282.819656 79.588045 79.588045 0.000000 1.811306 4.750369
307.991176 281.454917 137.263483 137.263483 -0.000000 2.915831 3.290887
287.340673 283.954451 74.710538 74.710538 0.000000 5.678092 7.131293
285.307257 288.650089 66.595856 66.595856 -0.000000 1.619862 2.816328
306.792959 284.369647 228.832374 228.832374 -0.000000 2.919101 3.764192
288.870763 284.201428 14.937841 14.937841 -0.000000 2.122152 4.861212
240.478871 214.819257 283.117373 283.117373 0.000000 3.753422 4.005515
298.099918 282.043274 130.337389 130.337389 0.000000 2.526536 3.444110
205.800857 514.825199 148.524190 148.524190 -0.000000 4.619300 4.849104
305.252141 364.069647 357.923048 357.923048 0.000000 4.576945 4.748075
169.988243 309.383406 345.316049 345.316049 -0.000000 6.015363 6.142651
296.028015 281.403664 211.232533 211.232533 0.000000 2.498753 3.547567
249.073885 295.107198 230.378785 230.378785 -0.000000 5.902935 6.138313
287.344174 286.481973 71.482914 71.482914 0.000000 1.960817 2.698721
294.823519 279.857932 185.255863 185.255863 0.000000 5.883642 7.141033
292.636934 282.962762 196.150112 196.150112 0.000000 3.596752 4.688851
297.693088 276.483593 174.022057 174.022057 -0.000000 4.702686 5.835788
264.748787 179.988910 178.850784 178.850784 0.000000 4.140858 4.430818
291.582940 280.202919 163.852231 163.852231 0.000000 6.068461 7.827185
317.901975 245.761575 120.998859 120.998859 -0.000000 5.022518 5.627032
293.603273 280.513258 67.582690 67.582690 -0.000000 5.243823 5.634126
190.016168 739.897512 288.204855 288.204855 -0.000000 4.524370 4.698488
306.821805 262.878476 375.819667 375.819667 -0.000000 2.329319 2.525753
388.318802 290.337358 347.950476 347.950476 0.000000 3.099401 3.321722
301.826107 269.795475 246.599517 246.599517 -0.000000 2.414873 2.618864
237.691050 325.655298 284.933780 284.933780 -0.000000 2.280096 2.556848
297.100191 288.769391 217.089110 217.089110 0.000000 4.030161 4.911347
288.083759 276.963414 276.420573 276.420573 0.000000 3.220979 3.695337
296.429430 277.911631 79.067114 79.067114 0.000000 4.794427 6.000975
318.098373 278.390502 280.370136 280.370136 -0.000000 2.956801 3.278772
295.125395 286.795378 181.329289 181.329289 0.000000 3.988144 5.054770
301.224447 276.202382 148.412971 148.412971 0.000000 5.153145 5.730463
275.143355 269.793319 154.964267 154.964267 0.000000 3.563445 3.988974
292.647846 284.671957 155.421970 155.421970 0.000000 3.392871 5.294518
295.572551 282.638722 156.486818 156.486818 0.000000 5.730737 6.045792
310.094598 154.236031 111.050718 52.134896 0.118304 3.579386 6.254015
291.507722 282.509645 120.089134 120.089134 0.000000 3.361665 4.081435
299.488407 280.601381 182.475772 182.475772 0.000000 2.547190 3.365260
274.138839 295.638528 177.420692 177.420692 -0.000000 2.502545 2.641285
325.566501 260.756075 123.150314 123.150314 0.000000 5.427564 5.866554
289.192836 284.253652 30.475203 30.475203 0.000000 0.294772 2.959415
323.212872 269.627625 238.616493 238.616493 -0.000000 2.652648 2.979878
300.928155 271.245513 303.841033 303.841033 -0.000000 2.307650 2.808078
193.680078 381.720844 207.748283 207.748283 0.000000 2.269035 2.459596
287.516275 298.216392 347.682621 347.682621 -0.000000 5.249235 5.414799
301.826599 277.488097 204.101780 204.101780 0.000000 5.475915 6.221797
292.627787 280.872291 37.505604 37.505604 0.000000 2.047576 3.138199
297.019966 311.275306 154.925034 154.925034 0.000000 1.135491 1.564421
277.565931 267.837711 168.558627 168.558627 -0.000000 3.489332 4.250603
299.078377 274.421385 76.831972 76.831972 0.000000 4.892582 6.001126
289.023563 280.073886 277.383365 277.383365 -0.000000 2.323203 3.224693
283.907956 328.044851 241.674169 241.674169 -0.000000 4.729364 5.059332
283.237207 263.375911 137.644069 137.644069 -0.000000 3.907354 4.431190
298.942513 281.626058 263.226961 263.226961 -0.000000 3.310973 4.621129
292.901391 303.511614 179.313662 179.313662 0.000000 4.453770 5.007293
340.591569 142.732005 224.584548 224.584548 -0.000000 1.829909 1.934234
236.988179 328.825482 255.066222 255.066222 0.000000 2.275110 2.499863
284.805829 277.968707 169.587446 169.587446 0.000000 3.579248 4.001973
290.536346 282.724788 112.403625 112.403625 -0.000000 3.236606 5.164976
305.988410 280.068899 296.581996 296.581996 -0.000000 3.165470 3.522330
296.011852 279.914008 197.867636 197.867636 -0.000000 2.843439 3.570740
289.238167 281.593028 38.509284 38.509284 0.000000 0.607965 1.928590
293.629311 280.283709 173.018881 173.018881 -0.000000 4.052013 4.604676
270.013357 257.284742 159.098041 159.098041 -0.000000 3.659917 4.229836
282.999979 300.136787 348.985685 348.985685 0.000000 5.247692 5.412375
293.647470 287.376266 161.341659 161.341659 0.000000 4.224000 4.764101
293.985272 321.080181 125.344235 125.344235 -0.000000 4.421229 4.848666
349.615205 297.542985 247.410579 247.410579 0.000000 3.260818 3.434047
263.536951 293.516568 212.587376 212.587376 -0.000000 5.877532 6.105124
286.973088 324.234424 235.541346 235.541346 0.000000 4.780705 5.004481
305.464552 273.781798 139.653243 139.653243 -0.000000 5.282636 5.977797
311.383671 322.405623 292.957999 292.957999 -0.000000 4.326111 4.591556
329.494709 287.322462 331.367226 331.367226 0.000000 3.254384 3.439032
279.101768 278.804033 48.262373 48.262373 0.000000 0.045814 0.505623
288.804183 280.846821 76.788076 76.788076 0.000000 0.963441 1.621372
297.654533 275.266532 286.739794 286.739794 -0.000000 3.527276 4.430711
296.184837 283.970285 83.847909 83.847909 -0.000000 6.271609 6.845845
300.536681 276.906049 292.515196 292.515196 0.000000 4.017349 4.383393
281.148484 286.259984 41.703440 41.703440 0.000000 5.768817 6.398699
287.810119 282.764561 186.096693 186.096693 0.000000 2.791293 3.177788
289.211651 281.131587 245.234320 245.234320 -0.000000 2.362965 2.978454
257.440891 310.526727 280.425698 280.425698 -0.000000 2.224534 2.482687
306.769457 263.806496 240.394974 240.394974 0.000000 4.961523 5.490234
326.368063 307.091824 296.158416 296.158416 -0.000000 3.747748 3.900115
290.198293 283.530257 76.468695 76.468695 -0.000000 0.435398 0.856759
292.812762 281.655714 152.231118 152.231118 -0.000000 0.790766 1.357132
293.001764 298.057537 272.071333 272.071333 -0.000000 4.855805 5.088716
299.510223 280.893100 185.024776 185.024776 0.000000 2.710197 3.330497
295.029828 290.688393 181.367538 181.367538 -0.000000 4.433460 4.894849
467.008751 369.103106 519.765996 519.765996 -0.000000 3.595945 3.691395
284.589325 269.631947 157.756144 157.756144 0.000000 3.770961 4.374416
289.191476 283.370788 15.116194 15.116194 0.000000 0.922545 2.088436
295.435254 282.422141 208.085839 208.085839 -0.000000 4.025315 4.976937
280.486407 282.034577 192.322391 192.322391 -0.000000 2.697750 2.916317
285.977707 276.200767 76.682463 76.682463 0.000000 1.152567 1.504635
269.815181 275.882538 236.518693 236.518693 -0.000000 6.245595 6.441706
289.267362 281.939787 40.312511 40.312511 0.000000 0.648739 2.051125
246.347989 304.446413 143.366888 143.366888 0.000000 2.609893 2.878352
294.676193 265.636125 281.991331 281.991331 -0.000000 4.009552 4.373357
288.037213 279.298851 62.388555 62.388555 -0.000000 0.885889 1.442452
300.723191 265.355584 193.266040 193.266040 -0.000000 4.927017 5.204266
264.994954 254.045681 174.946974 174.946974 0.000000 3.666628 4.092976
303.668609 274.616398 270.932591 270.932591 0.000000 5.095239 5.473609
321.167749 248.624521 186.397702 186.397702 0.000000 5.195265 5.490984
299.094472 279.929304 165.100786 165.100786 0.000000 5.562020 5.884836
295.031882 312.291160 309.455521 309.455521 -0.000000 4.638060 5.065436
293.443901 269.236618 185.322845 185.322845 0.000000 4.656369 4.976944
300.751608 265.122129 154.701508 154.701508 0.000000 4.908672 5.370829
287.346722 272.214754 87.757616 87.757616 -0.000000 1.114684 1.574746
257.458831 252.896368 183.082102 183.082102 0.000000 3.703583 3.982600
305.246899 279.236711 299.739420 299.739420 0.000000 3.350723 3.510163
194.105840 736.411790 282.141346 282.141346 -0.000000 4.483697 4.896668
297.972106 307.455487 225.253038 225.253038 0.000000 4.443288 4.708077
476.896715 241.067571 481.282777 481.282777 -0.000000 2.909282 2.983370
212.089742 328.550526 200.277260 200.277260 -0.000000 2.492589 2.685057
238.648262 312.710449 223.340048 223.340048 0.000000 2.404769 2.656069
331.886555 223.628632 142.138010 142.138010 -0.000000 5.158964 5.450657
318.954999 256.201120 191.822630 191.822630 0.000000 5.182763 5.604508
281.292013 257.492606 170.143460 170.143460 -0.000000 4.010690 4.375050
291.614931 284.659615 81.522347 81.522347 0.000000 6.188186 7.995817
226.292724 333.272310 165.670487 165.670487 -0.000000 2.320320 2.550929
165.367040 275.918677 298.454585 298.454585 -0.000000 6.246517 6.357488
294.793220 194.935230 158.919121 158.919121 -0.000000 4.625821 4.839641
337.573644 251.652182 307.116943 307.116943 -0.000000 2.574412 2.711210
268.721114 261.838116 176.293189 176.293189 -0.000000 3.632809 3.923467
851.647770 -455.432771 587.507280 587.507280 -0.000000 2.186180 2.255237
326.410309 290.337974 401.297929 401.297929 -0.000000 3.773212 3.930380
204.102691 281.441288 198.383544 198.383544 -0.000000 3.017633 3.219381
280.594437 279.847496 275.267279 275.267279 0.000000 2.691372 2.883356
287.308466 280.292197 253.757479 253.757479 0.000000 2.536688 2.716516
270.155521 291.107768 283.009553 283.009553 -0.000000 2.234664 2.840501
318.898410 309.496568 107.654236 107.654236 -0.000000 0.622436 0.893877
